,5,6,7,8,9,10,11,12
5,0.1081382817667369,0.09869700920419099,0.01952524703831862,0.058226648534166335,0.07715670452787766,-0.08825731500553075,0.01441964768473793,-0.008669759263031051
6,0.09869700920419099,0.09560648428935484,0.0421225659744542,0.03865597642131312,0.09198282857619894,-0.08523335729084815,0.033972414153084565,-0.02367260443970673
7,0.01952524703831862,0.0421225659744542,0.15212947420714423,-0.09950806158682476,0.12213128650672496,0.005456996452991539,0.12381065319940532,-0.09253104209788604
8,0.058226648534166335,0.03865597642131312,-0.09950806158682476,0.12433774862423178,-0.03490150263705316,-0.08300036334408442,-0.0913580207189553,0.07493921038730295
9,0.07715670452787766,0.09198282857619894,0.12213128650672496,-0.03490150263705316,0.15247973884346713,-0.06953263393322023,0.1203706501063187,-0.09871904630067545
10,-0.08825731500553075,-0.08523335729084815,0.005456996452991539,-0.08300036334408442,-0.06953263393322023,0.1248192230542621,-0.0012925835214243932,0.0014939036331523775
11,0.01441964768473793,0.033972414153084565,0.12381065319940532,-0.0913580207189553,0.1203706501063187,-0.0012925835214243932,0.1456922097615153,-0.13361933638627516
12,-0.008669759263031051,-0.02367260443970673,-0.09253104209788604,0.07493921038730295,-0.09871904630067545,0.0014939036331523775,-0.13361933638627516,0.1364145633729752
