,5,6,7,8,9,10,11,12
5,0.0005109989460999999,0.00046638495510178333,9.226501934296482e-05,0.0002751454484922868,0.0003645979393619535,-0.0004170530011816259,6.81389111205658e-05,-4.096826557597765e-05
6,0.00046638495510178333,0.0004517809226668715,0.00019904687284012985,0.0001826657765320022,0.00043465762257184924,-0.00040276352681595235,0.00016053397136589972,-0.00011186303057991837
7,9.226501934296482e-05,0.00019904687284012985,0.0007188758663493936,-0.0004702175193518031,0.0005771217895379067,2.5786607580516013e-05,0.0005850575047726487,-0.0004372481624550717
8,0.0002751454484922868,0.0001826657765320022,-0.0004702175193518031,0.0005875482527499603,-0.00016492430592998777,-0.0003922116895313051,-0.00043170514217961216,0.00035411934519249114
9,0.0003645979393619535,0.00043465762257184924,0.0005771217895379067,-0.00016492430592998777,0.0007205310143422496,-0.00032857099335160625,0.0005688020406906522,-0.0004664890896681431
10,-0.0004170530011816259,-0.00040276352681595235,2.5786607580516013e-05,-0.0003922116895313051,-0.00032857099335160625,0.0005898234223041641,-6.108001777010505e-06,7.05932413243356e-06
11,6.81389111205658e-05,0.00016053397136589972,0.0005850575047726487,-0.00043170514217961216,0.0005688020406906522,-6.108001777010505e-06,0.0006884570794615184,-0.000631407665781597
12,-4.096826557597765e-05,-0.00011186303057991837,-0.0004372481624550717,0.00035411934519249114,-0.0004664890896681431,7.05932413243356e-06,-0.000631407665781597,0.0006446162910804074
